   5.301    1.000
   1.494    0.407
   1.054    0.324
   1.231    0.361
   1.279    0.370
   3.727    0.675
   1.333    0.380
   1.081    0.330
   3.540    0.656
   1.555    0.417
   0.783    0.257
   1.557    0.417
   1.324    0.378
   0.833    0.271
   0.968    0.305
   0.785    0.258
   0.666    0.222
   1.100    0.334
   0.679    0.226
   0.706    0.234
   0.684    0.227
   3.447    0.646
   1.594    0.423
   3.690    0.671
   0.775    0.255
   0.907    0.290
   1.573    0.420
   1.342    0.381
   0.905    0.290
   0.899    0.288
   1.481    0.405
   1.073    0.328
   5.161    0.823
   1.631    0.429
   1.118    0.338
   0.982    0.308
   1.639    0.430
   1.803    0.455
   1.461    0.402
   2.511    0.545
   1.724    0.443
   2.331    0.524
   1.481    0.405
   1.682    0.437
   1.715    0.442
   0.694    0.231
   1.449    0.400
   2.437    0.537
   3.800    0.682
   1.800    0.454
   5.301    0.841
   1.090    0.332
   1.368    0.386
   1.660    0.434
   2.382    0.530
   2.122    0.498
   2.406    0.533
   1.549    0.416
   1.398    0.391
   1.126    0.340
   1.696    0.439
   1.406    0.392
   1.544    0.415
   2.504    0.545
   1.118    0.338
   2.090    0.494
   1.255    0.365
   1.568    0.419
   1.504    0.409
   1.864    0.463
   1.132    0.341
   4.960    0.801
   1.835    0.459
   2.985    0.598
   1.288    0.371
   0.583    0.193
   1.342    0.381
   1.604    0.425
   2.611    0.557
   1.581    0.421
   2.331    0.524
   1.471    0.403
   1.154    0.345
   1.923    0.472
   1.504    0.409
   1.631    0.429
   1.420    0.395
   1.908    0.469
   1.408    0.393
   2.263    0.516
   0.233    0.000
   0.233    0.000
   0.233    0.000
   0.233    0.000
   0.233    0.000
   0.233    0.000
   0.233    0.000
   0.233    0.000
   0.233    0.000
   0.233    0.000
   0.233    0.000
   0.233    0.000
   0.233    0.000
   0.233    0.000
   0.233    0.000
   0.233    0.000
   0.233    0.000
   0.233    0.000
   0.233    0.000
   0.233    0.000
   0.233    0.000
   0.233    0.000
   0.233    0.000
   0.233    0.000
   0.233    0.000
   0.233    0.000
   0.233    0.000
   0.233    0.000
